3
4
10
1000
5 5 5 5 5 5 5 5 5 5
10 10 10 10 10 10 10 10 10 10
1 0 0 0 0 1 0 0 0 0
1 0 0 0 0 1 0 0 0 0
1 0 0 0 0 1 0 0 0 0
0 2 2 10000 10000 10000 10000 10000 10000 10000
2 0 1 3 10000 10000 10000 10000 10000 10000
2 1 0 10000 3 10000 10000 10000 10000 10000
10000 3 10000 0 1 3 10000 10000 10000 10000
10000 10000 3 1 0 10000 3 10000 10000 10000
10000 10000 10000 3 10000 0 1 5 10000 10000
10000 10000 10000 10000 3 1 0 10000 5 10000
10000 10000 10000 10000 10000 5 10000 0 1 1
10000 10000 10000 10000 10000 10000 5 1 0 1
10000 10000 10000 10000 10000 10000 10000 1 1 0