3
200
100
1000
5 5 5 5 5 5 5 5 5 5 5 5 5 5 5 5 5 5 5 5 5 5 5 5 5 5 5 5 5 5 5 5 5 5 5 5 5 5 5 5 5 5 5 5 5 5 5 5 5 5 5 5 5 5 5 5 5 5 5 5 5 5 5 5 5 5 5 5 5 5 5 5 5 5 5 5 5 5 5 5 5 5 5 5 5 5 5 5 5 5 5 5 5 5 5 5 5 5 5 5 
10 10 10 10 10 10 10 10 10 10 10 10 10 10 10 10 10 10 10 10 10 10 10 10 10 10 10 10 10 10 10 10 10 10 10 10 10 10 10 10 10 10 10 10 10 10 10 10 10 10 10 10 10 10 10 10 10 10 10 10 10 10 10 10 10 10 10 10 10 10 10 10 10 10 10 10 10 10 10 10 10 10 10 10 10 10 10 10 10 10 10 10 10 10 10 10 10 10 10 10 
1 1 0 0 0 0 0 0 0 0 0 0 0 0 0 0 0 0 0 0 0 0 0 0 0 0 0 0 0 0 0 0 0 0 0 0 0 0 0 0 0 0 0 0 0 0 0 0 0 0 0 0 0 0 0 0 0 0 0 0 0 0 0 0 0 0 0 0 0 0 0 0 0 0 0 0 0 0 0 0 0 0 0 0 0 0 0 0 0 0 0 0 0 0 0 0 0 0 0 0 
0 0 0 0 0 0 0 0 0 1 0 0 0 0 1 0 0 0 0 0 0 0 0 0 0 0 0 0 0 0 0 0 0 0 0 0 0 0 0 0 0 0 0 0 0 0 0 0 0 0 0 0 0 0 0 0 0 0 0 0 0 0 0 0 0 0 0 0 0 0 0 0 0 0 0 0 0 0 0 0 0 0 0 0 0 0 0 0 0 0 0 0 0 0 0 0 0 0 0 0 
1 1 0 0 0 0 0 0 0 0 0 0 0 0 0 0 0 0 0 0 0 0 0 0 0 0 0 0 0 0 0 0 0 0 0 0 0 0 0 0 0 0 0 0 0 0 0 0 0 0 0 0 0 0 0 0 0 0 0 0 0 0 0 0 0 0 0 0 0 0 0 0 0 0 0 0 0 0 0 0 0 0 0 0 0 0 0 0 0 0 0 0 0 0 0 0 0 0 0 0 
0 16 11 28 18 37 20 29 41 45 45 10 43 38 38 16 24 31 5 8 8 13 35 41 13 16 37 3 23 26 27 31 33 37 29 42 6 20 49 40 5 44 18 10 32 6 43 36 28 14 21 36 25 16 6 31 9 5 42 10 3 25 1 44 12 26 10 16 23 6 34 47 13 21 29 15 38 6 16 12 41 43 49 14 33 37 12 16 23 2 41 20 38 25 18 37 6 42 23 24 
25 0 45 16 42 7 32 49 20 12 14 46 8 41 1 34 6 1 29 26 8 1 25 24 16 10 4 43 24 0 46 1 21 28 22 30 17 41 39 6 1 48 17 7 34 12 26 41 35 13 12 44 44 23 25 6 49 47 15 49 27 17 15 48 49 2 11 34 39 3 37 49 29 30 15 20 11 47 4 31 6 3 28 17 4 17 12 8 25 13 27 49 14 27 16 39 21 45 36 41 
5 43 0 12 22 21 16 29 11 40 6 30 31 47 38 18 8 1 45 26 25 3 4 16 15 0 49 17 13 38 5 10 25 23 17 30 42 35 36 37 43 12 32 14 0 3 31 48 16 38 31 48 30 12 12 40 6 26 15 24 25 14 16 31 49 11 21 16 47 28 17 49 9 1 19 40 0 42 48 16 34 1 19 10 13 48 47 29 24 27 27 12 26 44 22 32 17 35 25 28 
18 31 33 0 14 20 24 24 7 32 49 34 27 28 15 34 32 42 48 20 34 14 17 17 25 23 46 4 39 6 2 12 29 28 24 26 48 31 41 3 22 43 47 17 3 19 20 46 35 44 48 17 40 8 6 15 13 15 23 22 6 1 34 42 19 20 27 20 43 6 26 15 43 32 26 25 19 39 3 12 30 17 25 14 4 11 15 35 9 40 48 4 44 46 9 30 32 47 27 3 
18 28 15 42 0 30 8 35 0 7 41 41 37 44 34 20 33 33 40 9 7 33 7 29 24 3 4 42 39 39 36 35 31 20 41 35 43 13 36 19 20 13 5 40 39 24 24 33 10 26 48 47 10 28 38 15 10 47 49 34 13 16 38 26 6 46 28 28 34 46 41 33 23 40 30 39 24 7 8 27 49 14 14 17 18 38 42 1 15 15 30 1 30 8 43 49 16 29 49 46 
2 12 36 27 1 0 44 45 31 39 14 31 11 4 46 44 21 42 41 39 9 14 30 19 6 31 29 16 20 45 40 15 2 29 20 8 31 43 17 34 10 37 0 44 3 40 13 45 19 41 38 17 42 13 36 43 19 23 45 14 13 28 18 35 7 49 30 19 2 35 18 0 45 0 46 26 15 41 5 17 15 5 17 42 44 15 27 5 43 32 13 14 47 47 38 4 11 26 40 38 
7 16 49 11 17 41 0 30 41 26 41 2 22 13 40 32 21 8 6 5 30 21 29 5 39 5 33 31 7 15 26 45 40 26 3 40 38 18 44 22 46 22 20 15 5 7 1 28 0 33 4 22 5 11 20 31 14 43 35 31 42 10 10 3 28 2 32 14 11 36 19 22 8 49 8 48 41 35 41 0 49 35 45 33 3 14 9 38 42 34 31 4 22 34 23 16 7 2 3 28 
15 38 10 39 28 19 35 0 19 9 3 32 31 30 39 11 13 23 11 30 28 33 43 35 24 26 3 11 45 24 24 48 42 11 49 31 14 39 17 13 21 46 38 9 39 44 48 16 8 37 41 37 1 0 30 8 32 19 12 33 2 22 29 17 20 18 42 22 29 8 45 18 28 48 15 6 28 33 42 28 18 40 40 14 30 34 0 25 7 24 15 15 19 43 34 39 30 9 15 11 
0 30 46 26 40 15 21 5 0 10 31 31 8 42 21 40 44 42 0 36 46 13 36 46 13 29 26 23 44 40 2 17 3 27 38 9 14 2 41 4 40 45 12 21 18 36 23 48 23 33 18 16 46 36 30 17 3 5 30 38 44 38 34 15 6 33 25 19 38 37 7 4 25 30 21 24 38 24 33 37 34 19 18 12 47 30 49 1 5 39 6 2 33 4 3 49 7 46 41 2 
22 17 5 26 40 17 48 4 8 0 1 24 19 26 0 2 27 7 35 12 14 9 25 15 48 37 15 15 44 13 24 39 32 18 18 17 37 32 10 38 49 8 47 13 39 7 32 28 38 12 12 29 5 0 9 2 19 14 2 27 8 8 2 18 10 18 20 13 11 43 1 29 7 10 46 8 18 23 39 49 36 34 42 33 13 16 11 44 4 8 20 30 28 46 11 47 1 39 35 22 
23 2 15 12 42 22 35 22 38 18 0 35 39 40 23 41 33 25 6 48 20 37 5 5 29 49 12 27 23 44 34 0 30 2 18 18 38 10 35 21 25 10 2 32 11 46 2 47 10 3 39 13 1 14 13 0 9 31 21 20 45 9 5 4 48 29 49 42 32 9 0 47 49 25 48 48 6 12 1 15 35 23 47 32 15 26 37 33 28 8 7 38 8 25 1 21 28 24 37 23 
43 21 25 42 27 31 46 21 35 41 3 0 39 5 5 46 1 47 6 29 18 16 47 17 41 46 3 22 29 9 7 18 19 26 37 29 41 4 40 20 8 37 32 27 49 7 13 33 3 24 18 9 40 46 23 33 47 46 27 14 41 24 5 2 23 28 8 28 11 30 43 24 34 39 25 49 42 1 25 3 8 29 3 43 37 14 23 49 46 9 47 27 27 46 25 40 12 3 49 42 
41 45 25 46 15 24 27 35 39 6 44 20 0 38 5 48 1 15 21 14 29 8 38 40 21 39 38 36 35 3 12 16 37 8 0 15 22 1 36 1 30 28 13 3 43 2 29 49 13 2 30 20 49 45 14 25 24 18 3 18 41 32 8 13 11 24 15 22 36 43 8 9 43 2 21 29 16 28 10 33 13 43 40 15 1 17 38 21 32 40 20 30 7 5 14 39 13 19 5 30 
6 47 10 3 4 4 5 10 49 0 10 19 14 0 7 44 16 29 43 39 2 38 20 9 39 17 11 31 3 39 31 38 37 16 25 43 20 4 1 44 48 14 35 16 39 12 30 26 34 40 6 17 8 14 40 9 27 21 48 48 9 34 43 44 2 30 37 11 36 49 9 25 20 3 4 2 37 34 34 21 42 22 48 29 25 3 36 7 36 31 12 32 24 43 34 22 28 47 16 8 
41 49 33 11 33 20 15 24 34 42 13 29 38 14 0 41 41 27 12 47 40 37 47 22 3 39 44 46 1 47 11 13 20 1 24 49 5 38 21 14 19 47 31 10 22 6 7 16 28 8 27 33 7 13 46 16 6 12 29 29 29 20 22 34 24 13 30 15 33 48 10 31 24 3 8 28 41 34 1 5 36 18 6 40 29 22 40 15 27 42 4 47 44 34 2 5 4 34 19 46 
26 19 22 16 43 7 13 15 43 22 34 24 0 35 32 0 31 3 37 38 17 11 6 29 21 13 5 33 18 0 48 29 10 13 21 9 6 22 27 3 13 49 38 20 12 33 3 24 12 30 25 19 0 24 12 43 43 22 10 6 6 12 19 12 25 37 35 21 42 34 25 2 46 46 3 15 27 5 22 36 49 23 29 39 15 7 45 18 37 2 6 10 3 43 7 17 17 25 36 24 
34 41 26 12 42 22 22 30 29 7 38 33 5 14 21 24 0 14 43 32 22 2 20 25 21 45 42 47 44 25 36 10 0 44 26 29 22 14 27 26 15 33 21 13 13 6 12 19 26 5 4 31 26 17 19 14 10 40 10 19 42 48 41 22 29 7 18 14 0 31 1 7 18 5 24 32 10 31 48 20 21 29 19 44 0 22 36 27 1 0 44 15 42 34 20 31 43 41 48 24 
14 15 35 4 49 48 28 44 18 2 11 29 12 17 26 4 11 0 21 9 37 12 36 26 8 40 3 4 43 19 2 25 12 14 38 35 13 6 20 38 7 35 19 34 49 19 34 36 32 42 39 21 3 31 15 16 12 14 42 3 38 33 15 46 22 18 43 29 31 31 13 19 28 5 7 1 26 41 16 35 35 23 22 44 17 8 8 47 22 11 45 35 29 30 10 18 33 5 48 1 
27 0 42 38 20 22 26 41 35 0 17 48 7 5 2 25 14 13 0 19 9 7 21 6 37 37 2 19 19 48 41 31 7 3 23 37 40 13 31 21 22 44 45 31 24 45 48 47 2 26 43 26 49 35 37 40 40 13 8 25 2 47 19 31 32 36 8 1 9 28 2 30 5 4 6 0 37 16 35 28 0 46 48 40 6 1 19 15 34 2 2 1 29 8 21 22 48 32 44 42 
36 49 30 33 38 20 15 25 18 4 24 36 6 25 25 27 39 28 38 0 3 27 42 9 39 18 4 40 27 36 26 1 16 21 37 20 7 28 48 39 22 21 20 45 15 11 30 5 23 3 49 2 43 24 17 31 15 8 14 2 12 49 29 37 2 2 49 10 10 8 37 18 13 9 2 20 31 32 3 32 47 24 42 47 31 35 44 39 29 34 3 33 39 47 17 36 16 10 37 6 
4 47 11 1 22 2 1 43 32 9 0 2 45 3 33 45 45 25 26 37 0 29 20 42 23 13 20 41 2 26 0 30 43 4 8 13 13 24 9 9 4 23 5 3 23 7 28 7 33 20 3 17 10 36 42 47 13 38 24 14 1 2 47 3 6 46 13 22 14 3 49 3 25 12 27 38 41 0 0 9 9 43 32 32 6 7 25 14 41 40 9 28 19 19 40 40 15 16 35 0 
29 23 43 48 47 39 18 13 11 41 9 16 10 4 37 44 11 4 47 34 12 0 44 0 4 37 38 3 5 19 25 44 20 49 20 44 40 4 37 15 43 41 2 16 46 19 11 29 41 37 37 25 8 13 36 13 21 3 39 2 43 0 33 14 17 47 20 21 38 34 1 45 9 36 21 24 47 48 29 13 22 34 7 4 32 28 30 33 5 31 40 13 37 22 21 10 1 26 48 39 
43 21 23 7 0 2 28 29 45 48 22 31 44 47 2 31 15 45 47 24 28 1 0 10 47 38 17 23 23 47 26 49 2 2 17 37 44 16 26 32 15 44 30 44 2 29 19 8 17 8 44 46 8 23 41 23 46 21 13 9 48 24 32 40 3 7 6 39 3 21 44 5 7 42 25 49 16 10 48 2 7 43 27 21 26 31 27 23 4 6 6 20 6 26 14 39 45 44 18 21 
26 8 9 45 5 19 24 30 42 32 27 30 42 47 25 16 31 27 37 37 9 11 38 0 0 9 48 22 34 37 12 19 49 38 10 19 45 48 25 7 15 36 47 12 40 2 21 1 0 31 26 29 1 1 13 38 28 23 6 22 18 12 2 22 9 30 26 9 45 35 30 15 18 28 25 29 49 20 47 35 27 6 4 27 49 1 35 28 22 44 17 14 21 41 36 5 5 43 30 11 
26 35 27 22 23 20 43 2 14 42 38 40 1 15 37 22 2 15 41 1 32 19 38 46 0 3 9 31 31 13 48 10 38 20 45 41 34 38 11 8 3 25 38 44 8 16 4 8 0 3 28 12 46 33 6 41 14 19 35 28 9 41 20 16 38 43 0 3 43 18 1 21 2 28 45 36 17 1 10 30 3 33 27 21 49 17 21 41 48 39 49 17 49 3 24 20 7 20 27 43 
1 40 35 44 22 35 0 5 41 38 46 9 13 4 9 18 36 12 0 46 8 2 2 33 25 0 37 2 48 21 9 27 3 14 19 44 4 45 32 25 41 40 45 29 16 18 0 13 2 40 17 6 47 7 38 22 35 12 10 33 30 40 1 22 34 16 37 2 32 26 38 30 29 34 11 2 12 36 13 48 10 48 20 41 43 35 43 43 13 31 11 21 44 8 32 13 15 27 16 45 
28 14 26 24 13 48 45 16 5 33 29 1 14 10 37 0 44 2 32 6 20 38 3 31 46 17 0 32 21 38 14 27 7 17 25 24 1 0 36 9 12 17 10 29 15 27 9 31 1 7 30 11 44 33 4 48 47 35 4 8 9 40 41 16 20 35 9 12 44 43 33 15 36 45 13 27 22 8 47 27 49 15 11 2 11 10 15 12 12 26 45 0 14 18 25 43 19 15 11 21 
0 4 10 0 11 49 40 21 29 25 18 7 47 48 31 46 22 3 39 46 45 24 10 0 29 33 15 0 25 33 29 28 41 14 40 17 18 17 47 5 33 2 12 6 39 30 29 14 42 29 27 44 7 2 13 3 23 7 19 40 14 13 4 40 24 31 22 22 41 6 7 16 36 45 12 37 27 31 43 43 5 11 39 30 6 48 24 44 35 8 26 25 15 1 17 40 13 48 30 8 
49 21 22 5 39 19 28 9 43 19 4 22 35 36 10 47 19 23 13 33 22 45 49 20 22 44 0 38 0 38 36 39 22 35 49 46 44 38 31 45 30 47 7 19 35 22 47 3 24 10 25 18 40 7 8 25 14 11 19 38 42 31 9 38 46 34 14 48 11 17 5 3 27 5 45 24 32 42 25 12 41 17 3 35 29 49 15 5 18 47 21 0 12 25 2 39 9 34 30 5 
46 12 7 12 42 16 10 2 11 23 30 7 45 42 39 23 35 44 33 31 6 34 21 13 20 43 9 39 5 0 41 4 24 6 10 16 20 16 47 1 26 4 12 6 39 47 13 33 2 2 8 43 12 35 40 49 1 4 9 34 22 46 29 34 19 29 21 46 21 4 7 25 34 41 11 28 15 23 4 45 38 29 27 29 30 45 40 22 48 4 35 16 25 8 11 41 40 18 7 18 
7 30 36 47 25 18 24 6 27 49 14 22 40 45 3 35 16 40 11 0 17 22 35 22 23 49 38 18 27 14 0 49 49 30 46 14 4 9 47 25 11 40 1 26 22 29 43 46 28 25 6 19 1 33 45 43 8 22 45 10 2 46 32 33 22 16 41 24 27 25 21 7 34 33 19 44 10 5 32 2 0 11 48 12 48 46 23 44 4 41 0 49 2 13 7 28 2 43 14 15 
1 38 32 4 44 44 26 26 24 29 8 16 32 19 32 28 8 39 26 31 31 22 40 31 17 2 25 43 38 45 3 0 30 19 10 24 12 48 9 10 47 25 5 44 25 28 7 9 5 16 35 18 12 35 10 16 17 22 31 49 7 25 2 39 5 33 14 17 17 45 23 40 3 32 20 29 48 20 46 48 38 23 22 47 19 1 2 34 39 33 18 13 48 29 24 22 4 18 49 5 
13 8 46 38 12 40 33 39 9 44 49 43 6 45 49 27 49 38 30 28 29 3 20 44 16 41 30 16 43 21 11 23 0 7 34 26 5 9 48 18 41 1 10 10 46 41 28 23 24 8 47 35 0 44 10 42 42 1 40 3 35 2 15 25 26 12 9 45 43 0 13 28 27 22 5 32 33 29 7 16 13 32 35 36 34 40 12 33 34 23 33 49 25 4 49 42 34 27 44 12 
32 9 4 42 29 22 18 46 2 42 22 11 40 48 33 47 28 26 14 35 47 12 15 45 14 40 41 24 34 20 42 31 43 0 49 23 33 17 20 35 14 11 37 8 3 30 2 46 45 48 18 5 4 39 28 23 2 30 19 36 47 8 15 44 47 18 36 17 21 10 22 9 25 8 45 36 44 27 24 40 49 43 32 7 25 37 4 0 34 16 20 36 48 40 1 1 23 6 21 41 
36 22 4 24 10 16 14 21 4 38 17 30 23 23 37 36 41 15 9 13 10 44 11 18 22 30 26 2 28 20 8 22 23 36 0 30 16 13 41 10 18 10 19 20 30 30 34 23 33 24 46 17 39 16 25 46 14 48 8 18 28 26 20 5 45 31 0 11 14 26 43 39 5 19 29 23 24 39 36 15 44 11 2 18 8 47 48 11 47 27 20 32 34 47 33 23 17 46 11 20 
21 32 10 24 1 32 18 4 35 0 7 27 24 29 38 43 11 8 49 35 34 25 14 20 0 13 4 44 7 25 29 45 29 10 30 0 45 46 11 41 43 32 25 39 41 32 2 7 38 27 3 36 27 10 18 1 39 27 20 22 49 39 41 34 8 23 35 23 46 45 32 36 44 19 35 38 42 7 33 43 5 45 9 10 21 22 47 23 1 25 2 44 12 6 42 1 41 43 6 9 
28 4 29 36 22 28 15 28 36 38 1 0 15 24 17 40 19 8 43 23 34 14 44 44 21 16 41 7 37 39 39 40 45 20 48 9 0 22 28 27 33 47 12 32 27 26 2 31 44 8 25 16 28 25 49 17 43 35 49 41 44 2 14 40 33 36 16 17 21 18 49 10 38 20 34 13 22 16 2 31 23 32 9 41 10 8 13 48 45 2 4 10 17 36 16 46 2 28 6 22 
18 8 10 17 15 20 36 39 34 32 42 42 7 49 36 1 43 23 46 27 4 38 10 44 34 48 49 40 33 2 41 25 2 41 36 11 49 0 48 23 38 45 8 13 17 30 25 1 8 14 47 9 43 20 44 33 32 15 47 39 28 36 4 15 6 16 3 12 32 25 41 8 30 0 29 45 23 4 11 47 3 12 25 8 22 29 28 15 43 14 33 5 33 11 22 15 17 37 0 43 
18 44 6 26 32 43 21 11 33 9 10 18 3 23 8 36 11 13 30 37 8 1 18 39 20 18 10 33 40 47 7 12 30 3 22 6 37 2 0 8 40 37 39 46 20 22 32 28 29 41 4 29 7 48 12 41 24 31 35 44 48 39 5 36 26 47 20 0 31 0 4 37 17 1 6 29 12 34 41 43 30 46 34 43 2 35 13 24 32 39 23 36 37 49 33 5 45 4 24 7 
28 20 39 42 5 18 19 23 16 10 32 29 20 19 49 3 42 47 36 45 28 44 40 34 13 39 9 11 22 49 27 49 10 43 34 40 2 45 2 0 27 37 47 21 28 40 30 46 33 41 45 33 29 1 41 25 39 29 35 5 13 37 11 8 46 2 7 9 39 17 48 46 11 27 4 22 23 5 12 1 39 14 16 33 46 28 17 6 22 14 14 9 49 22 43 13 8 16 15 5 
45 32 38 42 31 10 2 33 48 37 8 26 16 6 40 32 10 28 8 4 25 38 39 11 17 20 11 49 48 41 28 8 5 38 40 10 46 33 5 1 0 25 29 24 29 12 49 12 10 30 45 27 5 22 26 28 14 45 48 43 10 14 38 36 24 17 47 20 6 17 1 23 0 28 2 43 36 42 15 3 27 12 12 47 32 48 28 34 20 35 26 30 37 26 26 44 35 49 15 11 
33 44 10 45 27 32 33 44 2 14 19 27 45 36 3 18 19 1 38 11 14 40 20 19 18 39 46 29 29 7 32 16 8 45 28 4 41 21 23 15 18 0 46 17 31 21 29 19 7 35 1 1 24 47 49 33 25 26 10 33 33 39 12 23 41 1 9 34 44 32 41 11 43 6 35 2 2 14 30 46 19 48 3 6 46 33 42 11 36 33 35 44 27 29 43 26 15 11 10 12 
6 42 14 14 20 35 27 29 24 48 7 31 8 41 37 0 47 24 47 39 6 44 28 45 7 46 48 25 13 38 44 19 21 43 30 5 41 11 4 39 28 28 0 34 45 5 44 47 38 12 49 29 44 13 7 24 39 20 42 45 13 5 28 7 20 3 41 0 13 21 32 2 17 16 44 23 15 36 41 48 12 12 3 26 9 49 10 43 23 31 42 18 18 23 31 16 6 27 41 33 
42 10 18 42 39 45 48 1 10 22 8 44 23 5 32 10 41 32 19 27 48 42 10 42 47 12 39 26 22 8 42 46 21 49 3 19 0 40 26 22 20 12 43 0 38 48 24 49 22 21 12 0 17 45 30 40 10 45 23 34 27 39 12 34 43 49 7 49 9 24 27 48 34 46 14 22 26 0 9 44 44 22 45 20 47 45 16 7 2 49 25 8 13 36 29 34 44 3 30 40 
46 42 43 46 48 45 2 7 32 22 19 27 38 24 3 38 15 9 0 3 32 34 10 4 14 47 46 40 24 34 48 7 13 40 0 23 36 12 41 39 41 43 35 24 0 39 28 17 38 40 34 10 35 6 4 0 30 45 15 26 34 31 13 15 42 0 13 43 41 29 38 29 10 19 18 21 23 4 30 32 15 12 43 4 11 9 16 31 12 27 23 30 0 25 7 27 9 47 28 39 
49 27 16 16 26 4 42 16 14 23 14 35 43 24 18 30 20 35 1 13 36 49 44 27 48 11 35 46 0 47 10 39 12 46 49 8 43 37 0 20 35 42 21 8 18 0 40 28 36 14 30 32 36 28 18 45 15 45 9 44 12 43 0 28 1 4 25 46 48 49 29 36 30 22 23 2 13 32 6 36 46 33 23 23 18 6 1 43 38 31 8 20 39 26 38 20 47 9 40 44 
10 14 27 17 5 46 34 11 39 41 43 9 42 43 1 30 5 24 25 21 19 1 38 38 7 27 14 1 43 15 18 47 31 26 15 32 44 23 12 30 3 20 39 8 42 30 0 2 45 23 18 11 30 7 34 27 19 6 49 37 8 49 34 9 38 22 2 11 14 29 38 30 28 18 5 18 49 18 11 16 20 39 6 14 48 12 18 26 0 36 31 15 36 7 41 43 24 44 42 25 
36 20 42 16 3 38 3 43 6 8 33 20 16 34 21 42 8 23 29 5 32 9 11 46 24 30 42 27 32 13 45 13 43 35 14 0 6 1 35 44 10 24 48 14 15 35 29 0 39 18 27 5 36 5 0 42 28 11 33 8 1 17 29 46 6 38 22 35 13 12 37 1 23 1 29 17 28 42 42 28 3 12 32 36 14 48 12 42 49 34 21 47 43 40 2 23 38 33 25 37 
27 38 0 5 17 6 8 4 2 9 40 30 17 43 15 25 17 13 8 29 28 16 46 44 14 18 16 40 43 45 49 29 12 43 14 11 16 46 26 3 23 24 19 33 2 44 43 10 0 43 29 28 3 26 6 20 37 16 29 39 25 27 17 25 40 29 24 41 37 31 32 45 24 36 30 3 31 0 17 30 40 13 32 10 29 39 44 20 27 17 36 49 24 13 46 46 14 22 20 39 
29 43 47 19 29 37 16 40 19 3 41 32 19 48 47 19 37 31 25 13 14 8 29 48 30 16 40 20 26 41 27 46 5 1 0 49 43 42 42 25 21 25 16 20 46 6 41 48 42 0 20 2 14 31 12 26 36 1 1 15 30 32 19 48 27 8 41 41 30 4 37 6 44 14 15 3 9 37 33 19 49 40 45 22 31 44 29 26 44 44 33 21 34 8 11 27 43 18 37 25 
32 37 27 19 17 21 42 18 40 38 8 46 23 24 29 18 18 18 21 46 41 1 1 6 45 25 27 0 15 11 15 32 26 47 4 31 5 48 14 18 34 16 19 12 31 38 34 31 41 13 0 10 34 14 43 48 39 8 21 11 38 41 13 20 17 23 6 30 27 47 19 39 0 23 29 2 28 43 26 8 46 24 13 48 20 41 10 31 12 23 49 9 12 49 18 1 8 14 34 4 
42 45 18 11 37 17 8 31 29 10 28 17 21 23 42 9 3 44 39 49 26 29 13 23 24 30 34 45 24 15 31 44 9 46 19 32 6 37 14 31 42 11 2 48 33 6 44 25 7 12 14 0 36 4 44 48 38 40 49 15 38 24 10 35 19 43 39 21 35 29 34 3 4 35 16 3 9 38 13 29 41 31 22 4 12 13 19 2 47 49 3 2 23 8 22 43 6 43 44 27 
41 15 34 4 46 0 48 37 8 17 20 5 8 29 33 27 32 6 41 43 8 43 48 15 46 17 22 40 16 4 25 3 42 31 46 22 12 19 14 24 42 20 42 29 31 1 31 34 8 48 16 19 0 3 25 20 41 3 49 7 22 27 42 41 48 34 2 33 30 39 44 42 33 28 42 10 39 16 46 14 19 34 8 43 12 11 22 47 49 29 41 35 38 25 30 29 44 30 42 27 
49 41 44 14 0 18 32 45 7 24 45 8 2 43 14 47 17 6 17 21 41 12 25 29 0 46 1 36 37 14 27 35 1 44 19 47 45 18 16 15 39 3 14 49 23 21 49 14 45 42 35 46 1 0 8 2 1 36 46 40 23 23 6 35 40 7 15 30 14 14 19 25 35 35 17 29 21 16 7 7 12 8 10 39 18 28 13 17 49 8 19 46 10 48 15 20 40 33 40 47 
20 24 19 47 27 15 21 7 17 8 43 36 34 17 6 20 29 3 4 19 11 40 11 20 47 5 17 43 25 15 39 46 11 23 30 14 45 29 3 4 8 22 7 43 4 46 14 22 33 6 0 19 34 9 0 5 23 11 20 24 6 0 36 23 43 14 41 22 27 37 43 7 33 11 20 48 25 36 35 15 32 29 18 37 15 48 5 2 40 25 18 37 2 28 45 18 42 16 41 0 
16 10 8 11 17 20 11 32 20 26 44 34 10 44 17 5 46 25 1 44 12 21 42 9 13 2 23 24 28 17 15 3 15 36 2 48 49 10 15 14 6 31 9 11 44 15 31 12 8 34 4 3 37 12 10 0 28 15 41 17 24 2 44 9 27 0 11 41 1 0 12 24 38 36 19 36 42 21 42 2 5 8 20 16 42 6 21 16 4 35 29 21 6 47 33 15 36 20 32 17 
12 30 6 8 26 36 19 12 39 10 1 22 15 22 39 9 11 16 16 28 33 16 24 17 27 13 5 7 48 31 32 46 3 38 48 37 47 23 4 23 20 33 35 15 31 3 44 17 26 2 28 32 46 34 49 46 0 49 11 18 9 48 32 31 16 20 32 43 49 15 4 13 2 4 36 25 5 2 44 0 26 8 27 12 33 13 9 3 16 18 8 15 13 10 27 6 7 42 11 20 
29 16 12 38 20 0 42 34 48 9 11 29 3 33 42 4 46 4 18 14 23 17 27 27 4 12 29 9 8 25 31 35 41 26 34 25 39 18 13 34 33 11 29 4 45 11 8 21 39 28 29 21 3 34 37 34 4 0 31 5 47 10 1 37 43 20 2 33 10 27 38 32 45 10 21 26 20 36 39 25 18 45 29 33 25 48 41 42 29 49 18 16 9 37 29 34 23 33 25 30 
5 29 23 10 29 1 26 45 37 5 1 14 49 44 22 29 38 30 47 3 29 25 27 13 21 8 18 48 3 8 11 36 40 42 31 46 12 38 12 30 25 16 0 42 48 34 7 6 1 19 16 26 47 14 44 37 2 45 0 36 48 20 9 44 35 16 14 46 49 28 25 37 16 19 45 44 46 22 27 38 43 48 34 46 40 9 2 30 37 47 18 27 8 39 32 48 2 36 2 47 
16 11 8 44 32 44 38 25 41 10 17 22 13 10 29 40 45 35 3 31 35 31 45 48 29 20 37 46 37 7 34 28 4 15 37 47 29 23 21 40 26 29 17 37 25 44 38 1 16 40 49 43 26 22 43 21 1 18 35 0 35 12 19 4 39 41 32 9 46 48 4 36 37 14 37 1 10 15 36 25 9 20 31 19 20 17 2 28 20 3 16 2 47 27 22 0 13 30 23 36 
44 21 49 6 20 7 8 28 29 10 1 42 20 48 32 43 47 15 46 49 43 42 42 10 32 32 45 30 23 15 35 48 15 39 0 39 26 10 44 39 42 41 16 35 3 47 40 14 1 7 41 39 21 45 37 2 44 42 11 0 0 43 32 3 21 32 14 22 22 14 23 3 40 40 33 47 2 6 39 34 43 27 34 3 8 39 31 15 48 8 9 37 32 17 20 29 49 29 2 27 
12 48 19 27 37 49 33 15 21 19 3 34 6 2 31 23 35 19 43 24 24 2 25 20 28 27 14 6 40 0 28 23 25 26 46 18 0 49 46 9 22 16 24 41 29 31 38 40 1 21 34 22 28 22 8 0 25 7 20 22 2 0 0 15 47 1 48 23 20 49 37 35 37 30 22 11 16 35 14 0 4 47 21 42 10 33 35 31 13 23 42 0 13 25 33 18 43 39 2 47 
43 37 49 4 46 5 21 0 15 29 27 23 8 16 32 16 16 39 10 11 24 41 7 11 25 31 25 8 38 22 45 18 38 13 39 26 48 23 9 33 25 33 10 3 43 16 25 29 34 14 23 33 6 46 46 13 29 25 19 39 17 34 0 6 11 2 47 0 21 34 40 41 6 21 20 46 41 7 4 18 10 49 41 32 48 29 1 5 41 27 9 15 27 30 22 15 28 28 20 42 
48 35 46 40 43 31 6 17 0 12 36 21 12 10 18 17 22 10 35 49 21 33 38 13 27 34 18 40 26 36 28 28 21 15 30 16 41 37 29 8 44 35 34 42 30 7 43 26 1 24 32 16 7 38 45 34 3 34 16 1 1 23 21 0 46 13 49 43 31 4 6 5 24 31 39 0 45 33 47 46 45 2 25 35 10 35 29 47 1 38 29 12 1 10 49 9 30 37 19 9 
34 25 11 18 28 12 25 6 45 29 43 39 48 19 45 3 8 5 34 43 26 13 29 0 5 48 4 6 21 15 40 29 11 6 39 16 44 7 48 18 47 33 7 49 23 15 45 0 6 22 47 49 39 9 22 40 39 2 2 5 13 6 3 35 0 18 23 5 48 38 31 10 22 7 20 10 35 20 33 48 49 2 34 7 46 6 37 43 40 21 47 36 14 35 12 28 47 12 9 1 
10 46 34 27 34 1 3 1 41 17 34 21 40 45 24 10 11 47 45 35 25 3 37 48 26 5 10 28 11 23 39 31 47 22 0 40 37 24 36 42 26 17 41 25 33 10 38 16 24 16 22 39 33 6 11 34 16 41 18 14 43 47 41 12 22 0 42 24 2 9 8 15 39 28 39 14 32 15 37 27 47 30 27 32 21 3 24 35 11 20 0 23 4 39 3 39 3 9 32 35 
13 15 5 26 43 3 9 8 28 40 4 17 2 39 40 47 11 26 17 17 48 32 24 42 48 29 11 26 44 4 6 49 16 0 4 29 15 7 21 13 42 13 41 24 26 7 37 26 33 34 0 18 31 2 9 28 40 42 46 24 34 13 16 22 30 26 0 13 39 48 42 22 30 15 18 34 35 41 27 4 40 37 33 42 27 41 2 36 28 1 2 2 26 36 10 47 35 7 21 9 
0 9 46 44 19 49 10 34 32 31 39 12 47 41 6 49 3 33 33 25 44 13 38 43 31 4 2 24 10 6 8 42 9 28 4 27 9 7 35 0 20 26 14 2 31 48 2 43 1 11 46 28 37 22 41 34 48 40 43 6 24 34 12 28 5 29 30 0 24 23 32 31 24 43 31 40 22 1 49 39 19 29 5 27 40 8 17 33 13 42 41 4 5 16 41 41 20 1 17 27 
13 25 10 8 4 20 32 6 34 34 39 48 41 37 8 5 36 30 13 38 20 3 47 5 41 25 6 2 44 16 21 26 40 16 24 32 21 11 41 12 39 24 10 9 25 49 5 46 34 19 26 47 46 10 26 31 11 6 1 15 10 29 1 41 22 8 47 18 0 29 0 33 44 27 44 19 18 43 28 13 48 30 49 10 9 23 33 26 0 27 47 13 34 29 25 12 18 25 2 3 
7 34 43 11 34 2 36 12 37 0 14 41 5 32 32 34 32 31 1 4 44 25 31 19 11 21 28 1 3 40 40 41 31 11 38 23 0 26 24 36 44 41 3 25 47 12 6 30 15 41 32 48 46 38 30 11 0 36 5 28 6 43 5 36 31 22 42 43 7 0 46 28 10 29 26 31 49 1 13 16 20 10 38 19 23 36 29 41 10 17 15 28 34 6 10 20 28 15 17 0 
26 16 11 36 18 38 7 41 24 9 30 30 8 17 2 43 4 29 18 34 44 13 17 14 15 43 24 48 17 43 11 32 38 27 9 19 37 26 2 17 39 12 1 39 9 2 7 45 30 4 8 20 24 34 38 15 20 25 35 28 32 37 13 15 19 15 28 45 9 15 0 35 2 10 19 24 27 14 29 4 8 13 37 24 0 19 13 8 27 0 10 33 22 46 35 12 17 11 10 46 
13 33 14 27 10 34 18 8 4 43 28 27 18 17 7 43 1 28 13 17 2 27 20 7 15 44 27 35 48 43 38 40 44 6 8 11 48 32 33 11 13 12 46 12 36 48 21 31 4 43 28 49 1 28 9 2 49 36 16 49 22 30 7 43 48 0 17 49 47 6 34 0 13 45 17 25 1 18 18 24 35 35 2 22 46 6 44 49 49 9 33 4 19 45 24 7 23 47 2 45 
45 26 3 41 43 46 9 12 5 22 27 35 13 21 40 3 22 9 43 8 29 35 18 26 48 32 30 15 38 47 43 9 18 46 30 39 22 16 22 48 36 49 44 48 1 37 32 31 22 26 5 4 15 26 7 1 29 37 5 15 28 16 11 42 27 28 39 45 39 34 18 23 0 12 24 24 32 46 26 19 47 15 26 38 24 12 21 23 25 20 21 9 48 37 11 13 28 33 13 13 
11 16 2 20 15 20 29 10 25 8 43 17 41 38 10 29 30 29 32 36 32 35 37 43 33 12 48 46 14 32 35 23 18 49 9 27 10 47 2 26 47 5 11 21 37 15 27 42 23 13 30 13 19 40 43 3 40 24 48 0 46 24 49 25 48 4 6 35 32 7 40 9 32 0 4 1 38 20 40 8 35 18 14 7 28 49 20 43 30 3 25 39 15 40 31 5 1 15 11 30 
18 0 8 15 37 32 15 34 36 48 8 19 15 41 0 16 38 0 0 23 11 38 39 43 6 38 41 9 10 15 12 12 29 17 3 20 5 31 8 11 11 39 36 36 26 8 43 33 22 17 20 33 10 47 43 1 32 34 34 38 39 8 27 23 48 5 42 7 14 9 0 38 6 43 0 47 8 33 46 18 39 42 44 26 14 18 24 35 34 18 6 2 29 39 23 0 24 45 45 13 
2 46 14 3 26 4 11 8 27 39 46 38 41 21 37 2 41 39 39 31 14 10 12 14 26 2 18 31 17 12 21 9 20 10 12 18 30 22 45 34 38 10 2 33 36 26 40 29 22 8 33 0 25 23 26 3 29 36 36 49 27 26 15 10 36 10 30 3 27 48 9 34 46 7 23 0 5 47 18 41 14 46 30 20 32 40 44 21 11 47 23 34 41 37 16 43 44 14 13 28 
30 20 24 2 41 30 5 47 10 15 19 30 34 1 13 10 20 23 25 19 28 46 41 16 32 6 14 1 48 42 10 2 10 16 28 18 6 25 3 48 35 47 15 45 28 27 38 31 28 43 11 26 49 13 48 8 28 29 24 2 24 49 9 44 25 48 4 21 35 27 13 46 46 33 35 22 0 15 26 18 39 2 13 26 42 24 49 12 28 42 13 22 22 15 3 27 28 6 26 24 
37 4 49 9 29 1 8 20 32 44 16 40 44 45 18 23 23 37 21 43 48 26 37 42 24 47 33 41 11 45 43 4 12 23 17 28 49 5 29 4 9 2 0 40 34 31 33 49 33 41 42 3 19 10 3 5 33 34 38 23 0 44 21 4 37 21 30 31 27 8 43 4 2 44 44 44 34 0 16 27 44 10 30 13 41 25 3 4 36 23 9 27 26 33 48 25 30 37 4 44 
11 27 35 41 9 48 34 29 13 12 45 5 44 33 46 45 6 49 27 40 43 2 42 15 26 31 37 39 49 2 22 4 2 48 45 18 23 8 48 6 28 39 33 35 0 2 36 20 39 9 12 22 8 26 41 23 2 12 27 6 8 21 16 47 4 43 19 45 11 45 22 35 19 4 49 18 36 29 0 2 45 44 2 38 48 28 35 29 0 3 30 37 27 44 0 13 35 27 22 21 
48 0 27 7 18 47 3 45 34 38 46 29 1 19 40 38 39 8 14 38 16 9 35 7 44 27 25 13 0 5 17 35 12 42 45 8 25 29 40 11 7 24 29 43 11 7 21 1 10 36 19 16 30 13 27 27 4 19 34 10 5 6 39 5 30 40 28 3 40 45 48 11 8 19 6 0 36 29 22 0 1 31 7 31 16 47 18 38 44 29 47 9 29 30 40 49 18 17 1 20 
36 2 6 38 5 10 13 21 33 47 2 21 30 13 46 22 9 6 4 32 40 35 10 20 6 48 27 7 5 46 15 46 39 6 15 46 46 1 39 30 22 3 3 27 2 24 4 23 3 42 49 24 14 39 41 18 19 24 35 24 13 48 32 12 31 8 20 47 18 49 24 27 39 5 36 48 48 7 47 18 0 12 10 23 40 8 37 31 31 30 29 41 4 28 44 31 44 31 13 13 
39 45 25 43 33 3 15 3 43 42 46 1 3 47 43 24 28 10 15 18 24 20 8 36 41 35 45 17 31 18 43 35 30 19 45 28 4 41 8 15 32 36 30 3 27 46 13 48 46 33 47 32 14 24 30 35 21 12 38 11 25 33 40 1 0 3 44 43 12 49 30 11 7 7 24 34 16 13 13 33 20 0 39 48 0 9 0 6 20 2 33 33 5 47 25 18 22 21 31 19 
28 9 25 25 11 20 34 34 5 33 36 31 9 26 48 26 29 23 36 35 45 34 47 45 9 19 27 33 37 19 1 3 17 31 19 12 44 9 17 2 20 6 44 43 26 36 43 46 47 46 12 9 13 39 20 33 9 40 42 18 30 16 22 41 8 12 37 6 16 9 38 35 29 44 35 32 22 9 17 46 36 42 0 9 41 5 35 40 28 49 44 13 9 29 20 33 32 11 20 36 
25 32 20 4 9 44 37 41 9 45 46 12 37 17 16 44 40 29 23 13 19 41 31 48 35 25 18 48 33 26 4 9 26 21 27 7 23 3 45 49 2 27 5 10 38 6 8 21 17 20 1 30 35 37 49 11 13 19 44 13 10 3 12 40 43 7 28 25 2 8 5 14 3 9 37 25 26 49 23 14 25 27 2 0 6 13 1 12 18 37 7 4 13 34 49 8 43 1 13 22 
4 47 37 6 14 41 10 44 43 36 20 3 17 9 9 23 23 49 43 1 4 25 16 14 18 33 5 4 6 14 36 5 11 45 12 20 11 20 41 10 35 7 36 49 44 20 34 44 17 40 3 9 26 17 29 26 20 29 34 28 18 35 19 23 19 27 5 32 4 33 30 1 46 40 44 15 42 34 22 27 9 48 43 48 0 10 9 28 20 47 14 46 42 40 31 32 5 0 14 27 
12 29 0 27 2 38 23 34 3 34 16 12 17 9 39 25 29 34 10 40 48 8 24 47 38 34 17 25 45 48 49 19 9 42 15 17 41 41 17 11 46 8 8 47 6 27 34 22 26 14 13 16 37 8 16 4 42 0 40 43 0 43 2 2 9 32 39 41 31 6 13 20 44 40 22 40 3 12 16 1 47 49 40 6 19 0 47 5 10 10 40 32 23 48 18 48 22 44 47 19 
35 20 23 2 21 12 25 13 35 2 34 5 4 16 14 34 4 4 33 0 23 1 43 36 1 46 9 37 39 42 33 47 2 3 32 37 49 49 13 10 25 40 27 11 42 37 0 29 13 19 42 29 12 1 35 0 4 48 38 27 24 36 9 29 15 4 44 25 22 49 38 49 8 23 18 5 12 34 32 1 0 44 35 47 36 34 0 44 14 5 30 16 32 24 38 45 30 14 1 41 
35 47 44 7 22 31 25 33 31 30 26 43 16 28 35 11 49 19 0 17 7 40 42 2 38 34 8 16 0 34 0 5 41 15 10 10 48 33 30 20 20 19 31 0 46 16 32 40 20 0 37 41 36 4 6 16 10 24 27 16 0 34 29 7 36 38 7 24 17 34 27 12 15 13 18 22 22 32 10 28 3 40 45 36 24 6 41 0 6 49 28 49 41 47 22 23 38 28 47 11 
49 26 13 48 44 13 11 22 18 32 6 25 31 13 29 8 10 12 46 31 45 0 24 2 24 32 33 40 7 29 13 32 19 31 44 46 26 37 20 41 30 21 45 30 12 27 8 9 40 22 23 9 41 31 34 26 21 6 44 16 9 24 4 7 37 48 0 20 32 14 12 25 6 40 16 29 19 9 4 30 8 4 45 7 38 15 26 45 0 36 4 31 36 13 24 30 44 43 11 42 
16 43 1 34 19 10 31 49 7 18 28 27 33 30 35 33 26 2 1 12 45 28 43 10 38 20 45 16 31 33 14 30 19 7 24 45 20 29 32 37 35 14 33 15 13 42 27 0 10 48 28 30 0 29 25 32 22 35 11 13 4 18 10 19 6 26 0 1 26 4 12 47 9 33 9 17 2 35 17 8 21 47 11 36 43 1 27 36 4 0 1 39 34 1 32 22 24 24 24 39 
33 44 41 40 27 15 32 17 44 10 36 38 42 8 41 37 7 46 33 36 43 31 14 33 4 22 29 20 37 48 6 23 33 20 20 2 20 18 11 8 1 11 24 8 4 27 40 15 18 7 28 27 33 21 6 42 41 19 46 23 49 42 6 7 12 44 41 44 29 30 34 23 37 48 30 1 5 23 40 17 6 12 30 49 17 34 27 32 9 42 0 28 49 7 45 0 8 31 26 37 
3 2 30 22 29 30 11 25 40 48 36 22 16 1 41 31 43 48 3 48 35 1 22 3 32 25 33 24 12 6 38 13 41 17 32 31 47 36 25 32 29 18 11 9 29 29 26 33 6 42 18 46 16 4 7 19 21 39 28 34 13 24 18 12 41 29 29 20 43 8 28 8 19 27 32 6 13 27 47 0 10 10 27 29 38 48 42 48 49 38 38 0 5 48 38 6 25 28 35 15 
37 2 39 23 32 31 31 9 36 33 12 0 4 16 40 2 13 29 46 42 24 10 13 17 44 27 26 22 37 19 32 30 12 21 5 33 2 13 32 26 32 44 9 47 21 44 33 37 32 15 33 17 40 5 23 1 18 33 30 35 13 19 9 0 14 1 7 41 4 37 42 39 41 41 4 49 43 6 31 4 5 43 9 43 25 40 37 44 25 24 18 45 0 24 44 14 16 33 19 8 
14 7 29 35 15 46 28 1 30 18 49 11 11 40 1 3 31 27 49 1 14 21 48 20 21 9 45 11 30 9 6 18 6 21 7 48 40 22 14 44 16 28 2 38 13 13 18 2 37 46 19 23 12 43 27 12 30 30 36 41 33 21 5 22 30 40 16 46 45 25 15 35 13 10 42 26 12 3 13 8 18 19 14 24 4 21 23 32 17 33 19 37 44 0 32 14 34 2 9 22 
0 32 1 27 12 47 37 46 48 28 9 13 16 32 20 4 49 37 13 41 8 15 16 35 13 15 12 36 33 35 13 30 34 14 13 43 3 3 5 8 41 31 37 17 14 32 11 17 42 44 38 8 36 4 0 21 10 48 31 36 2 25 6 40 44 5 13 8 30 4 22 32 16 5 39 19 41 38 19 20 42 20 32 42 19 45 6 48 15 9 13 15 11 35 0 13 8 25 33 3 
31 29 2 5 14 1 48 42 32 40 22 29 39 12 10 30 16 40 15 46 15 6 0 18 36 33 41 39 43 14 13 24 19 47 16 8 3 46 44 8 12 19 0 28 23 46 44 46 0 26 42 12 28 46 16 27 30 43 4 1 18 44 35 38 30 25 14 19 12 36 41 35 22 47 8 37 46 33 31 22 14 33 17 38 31 18 6 5 8 37 30 13 41 40 10 0 7 2 16 12 
45 2 44 2 43 16 40 45 17 21 22 44 39 5 10 48 41 13 40 0 6 35 15 12 44 30 44 30 46 27 34 10 34 34 42 37 33 21 21 9 13 21 25 45 49 14 35 9 10 2 21 25 20 34 13 22 36 44 20 2 26 2 21 38 14 22 29 27 16 40 29 31 40 39 48 39 8 1 33 23 4 29 15 9 41 19 15 17 43 49 17 16 3 21 48 10 0 4 18 0 
31 20 48 29 26 17 46 24 14 21 17 37 26 30 21 7 12 44 27 19 49 14 0 4 44 37 14 30 38 42 37 41 41 23 10 11 4 0 2 0 44 17 38 27 5 7 11 38 26 33 35 31 40 45 44 35 41 38 3 12 1 17 15 37 17 11 18 33 45 29 38 1 13 42 2 44 30 34 38 34 25 40 14 19 24 6 2 23 8 24 15 28 9 9 9 1 48 0 19 1 
10 6 32 30 25 10 14 44 40 38 30 16 26 15 3 39 47 5 32 19 40 49 44 20 16 37 14 40 19 5 39 32 37 32 24 27 23 35 19 1 28 43 4 16 44 21 16 26 9 14 35 46 25 47 21 13 36 12 15 31 12 30 13 38 17 47 7 35 16 5 15 24 1 29 48 32 45 43 24 0 3 35 21 26 5 4 13 44 24 6 32 47 25 26 22 22 4 24 0 17 
49 42 5 9 12 45 10 42 36 14 38 40 25 31 31 41 27 24 17 32 4 34 11 5 27 30 11 13 45 41 21 27 6 16 13 14 1 43 2 36 49 31 41 15 22 34 34 43 20 3 36 7 10 10 46 43 2 15 39 26 40 1 40 32 17 12 47 32 35 18 34 31 10 3 20 21 7 1 39 48 22 5 40 24 15 26 32 10 10 27 42 29 16 4 3 46 17 3 35 0 

